%YAML:1.0
---
CameraExtrinsicMat: !!opencv-matrix
   rows: 4
   cols: 4
   dt: d
   data: [ 1.0731965470729476e-01, -5.4222616011572689e-02,
       9.9274488144052841e-01, -2.5081355970646041e-01,
       -9.9422369830718216e-01, -4.5321990086439889e-03,
       1.0723197702428056e-01, 5.0098920227402177e-01,
       -1.3150809468483460e-03, -9.9851858624915335e-01,
       -5.4395803855588509e-02, -3.3716368167013200e-01, 0., 0., 0., 1. ]
CameraMat: !!opencv-matrix
   rows: 3
   cols: 3
   dt: d
   data: [ 2.2050183341832098e+03, 0., 9.0499765079194822e+02, 0.,
       2.2354725078570377e+03, 7.0179744225185243e+02, 0., 0., 1. ]
DistCoeff: !!opencv-matrix
   rows: 1
   cols: 5
   dt: d
   data: [ -3.8462011978493799e-01, 2.0244683583261196e+00,
       1.5812406191213570e-02, -2.2673638265120152e-03,
       -3.1002899275699702e+00 ]
ImageSize: [ 1920, 1200 ]
ReprojectionError: 1.7978423036812210e+00
