%YAML:1.0
---
CameraExtrinsicMat: !!opencv-matrix
   rows: 4
   cols: 4
   dt: d
   data: [ -9.4887477608682325e-02, -9.6293067600994986e-02,
       9.9081986845493342e-01, -2.0359064848940289e-01,
       -9.9548795560046099e-01, 9.4895666816081636e-03,
       -9.4412278749162526e-02, -2.2331668804948268e-01,
       -3.1120327120809366e-04, -9.9530778820231536e-01,
       -9.6759030050628692e-02, -2.2072387683339442e-01, 0., 0., 0., 1. ]
CameraMat: !!opencv-matrix
   rows: 3
   cols: 3
   dt: d
   data: [ 2.1447265777417674e+03, 0., 9.5657467179472167e+02, 0.,
       2.1912668443684402e+03, 7.4260512422319880e+02, 0., 0., 1. ]
DistCoeff: !!opencv-matrix
   rows: 1
   cols: 5
   dt: d
   data: [ 1.1920242594164600e-01, -1.0923391022143849e+00,
       3.0097599138368416e-03, 1.0711392519594997e-02,
       4.1000888252645735e+00 ]
ImageSize: [ 1920, 1200 ]
ReprojectionError: 1.3911683388114804e+00
