%YAML:1.0
---
CameraExtrinsicMat: !!opencv-matrix
   rows: 4
   cols: 4
   dt: d
   data: [ 2.1449691539149551e-01, -5.0367301663421427e-01,
       8.3684201950076798e-01, 2.7613097143331640e+00,
       -9.7543577069010801e-01, -6.6463524070188296e-02,
       2.1001823070001835e-01, 1.4927725089097292e+00,
       -5.0161046098824102e-02, -8.6133390289873157e-01,
       -5.0555689805551030e-01, 2.9064148289879377e+00, 0., 0., 0., 1. ]
CameraMat: !!opencv-matrix
   rows: 3
   cols: 3
   dt: d
   data: [ 1.7552780176540757e+03, 0., 9.1571081638121962e+02, 0.,
       1.7567374797775342e+03, 6.3901764164061251e+02, 0., 0., 1. ]
DistCoeff: !!opencv-matrix
   rows: 1
   cols: 5
   dt: d
   data: [ -2.0687112815694766e-01, 2.7221895799873674e-01,
       4.4295358053828389e-04, 1.4834891632413423e-03,
       -1.7862373094799849e-01 ]
ImageSize: [ 1920, 1200 ]
ReprojectionError: 1.0909581303891462e+00
