%YAML:1.0
---
CameraExtrinsicMat: !!opencv-matrix
   rows: 4
   cols: 4
   dt: d
   data: [ 6.6177187584399721e-03, -2.9593260036157432e-01,
       9.5518589910114948e-01, 1.4041409518115173e+00,
       -9.9932188298217461e-01, -3.6556712627652921e-02,
       -4.4023805855994969e-03, -1.0552848180357167e-01,
       3.6221264353904603e-02, -9.5450903757119887e-01,
       -2.9597384547204286e-01, 1.4298861348257477e+00, 0., 0., 0., 1. ]
CameraMat: !!opencv-matrix
   rows: 3
   cols: 3
   dt: d
   data: [ 1.9267328999259264e+03, 0., 7.7443158031470409e+02, 0.,
       1.9318086762796652e+03, 6.3188156280487920e+02, 0., 0., 1. ]
DistCoeff: !!opencv-matrix
   rows: 1
   cols: 5
   dt: d
   data: [ -1.6763701163060390e-01, 3.8759999310299825e-01,
       -2.8321796934554148e-03, -1.3329753345879661e-02,
       -4.8762500079061200e-01 ]
ImageSize: [ 1920, 1200 ]
ReprojectionError: 1.1704618161221798e+00
