%YAML:1.0
---
CameraExtrinsicMat: !!opencv-matrix
   rows: 4
   cols: 4
   dt: d
   data: [ -1.7999153603358575e-02, -2.6985067606097679e-01,
       9.6273394201045825e-01, 1.2900252391602727e+00,
       -9.9955147224195484e-01, -1.8194037719455824e-02,
       -2.3787209386631758e-02, -2.8539398638950653e-01,
       2.3935012189325366e-02, -9.6273027874939965e-01,
       -2.6940216326265842e-01, 1.2547350930174122e+00, 0., 0., 0., 1. ]
CameraMat: !!opencv-matrix
   rows: 3
   cols: 3
   dt: d
   data: [ 1.9326130309916832e+03, 0., 8.5446107861785629e+02, 0.,
       1.9440742238525347e+03, 6.3500468247243123e+02, 0., 0., 1. ]
DistCoeff: !!opencv-matrix
   rows: 1
   cols: 5
   dt: d
   data: [ -1.9256094636073118e-01, 5.8984042952859672e-01,
       -2.1668374051153102e-03, -7.5483303241134459e-03,
       -9.0317888179383599e-01 ]
ImageSize: [ 1920, 1200 ]
ReprojectionError: 1.1880648764783199e+00
