%YAML:1.0
---
CameraExtrinsicMat: !!opencv-matrix
   rows: 4
   cols: 4
   dt: d
   data: [ -3.4951854969070828e-02, -6.6278177442804398e-02,
       9.9718883418792925e-01, 2.3037866419417594e-01,
       -9.9934285586785843e-01, 1.1905917290904733e-02,
       -3.4236027213086939e-02, -5.9250309772829957e-01,
       -9.6033462966896854e-03, -9.9773015005477428e-01,
       -6.6650757021834206e-02, 5.3971236186454913e-02, 0., 0., 0., 1. ]
CameraMat: !!opencv-matrix
   rows: 3
   cols: 3
   dt: d
   data: [ 2.1041989562164467e+03, 0., 1.0217310885372207e+03, 0.,
       2.1217554179997910e+03, 5.4794853419496576e+02, 0., 0., 1. ]
DistCoeff: !!opencv-matrix
   rows: 1
   cols: 5
   dt: d
   data: [ -2.9319538307504689e-01, 1.7607663899371404e+00,
       -1.4513079246935970e-02, -1.7332056950897943e-03,
       -3.5762210777342629e+00 ]
ImageSize: [ 1920, 1200 ]
ReprojectionError: 1.1131336447912168e+00
