v2x_processor_main:
    tf_mat: [   -0.4294627011 ,   0.5382643342  , -0.7374049127   ,   -668264.25,-0.7689188272  , -0.6332383007, 0.0002815723419       ,   237260, 0.1609239476  , -0.1752666081 ,  -0.1717647058   ,  1862853.281]
    x_spat: [35, -200, -200]
    y_spat: [0, -200, -200]
    signal_1_idx: 0
    signal_2_idx: 0
    signal_3_idx: 4