v2x_processor_main:
    tf_mat: [   -0.4294627011 ,   0.5382643342  , -0.7374049127   ,   -668264.25,-0.7689188272  , -0.6332383007, 0.0002815723419       ,   237260, 0.1609239476  , -0.1752666081 ,  -0.1717647058   ,  1862853.281]
    x_spat: [-45, -155, -285]
    y_spat: [-75, -75, -75]
    signal_1_idx: 0
    signal_2_idx: 0
    signal_3_idx: 4

    # there are 8 path in the workzone. I'll set anchor point sufficiently for each path.
    tim_anchor_latlon_point1: [37.2404028512,126.7732628644,37.2405625991,126.7733633219,37.2406689166,126.7734433375,37.2407107913,126.7735719397  ,37.2406692939,126.7737022345,37.2405877806,126.7739031159]
    tim_anchor_latlon_point2: [37.2402340458,126.7737936097,37.2403614395,126.773875615 ,37.2404725703,126.7739501859]
    tim_anchor_latlon_point3: [37.2399988391,126.7742785118,                            37.2806751254,126.7731842607,37.2402454443,126.7744287194,37.2403793093,126.774381124   ,37.2404345061,126.7742623418,37.2405117612,126.7741062362]
    tim_anchor_latlon_point4: [37.2403355935,126.7732940334,37.2402649797,126.7734749628                            ]
    tim_anchor_latlon_point5: [37.2401061869,126.7738552886,37.2400272008,126.774048006 ,37.2399753753,126.774170414]
    tim_anchor_latlon_point6: [37.2403124171,126.7732041373,37.2401794328,126.7731150441,37.2400525589,126.7730427247,37.2399201014,126.7730894128  ,37.2398559658,126.7732264034,37.2397872214,126.7733934006]
    tim_anchor_latlon_point7: [37.240060212,126.7736744598,37.2399108633,126.7735763451 ,37.2398317613,126.7735225937]
    tim_anchor_latlon_point8: [37.2398550814,126.7741910924,37.2397417765,126.7741032225,37.2396505734,126.7740433565,37.2395897411,126.7738665446  ,37.2396443319,126.7737313801,37.2397067333,126.7735747432]
    